-5.98253	1.6459	-0.454262	3.41092	-0.0773192	8.09921	-2.26606	-4.52614	4.84322	-0.194952	5.61361	-8.60913	-0.0518363	-0.0192376	-2.25978	-1.30219	-1.58991	11.333	6.51082	-3.73013	1.46254	-1.18526	1.62717	0.620849	6.3046	-5.15482	-0.350457	-0.148724	-0.195595	1.91763	-3.20112	-0.101113	15.0969	0.142113	-1.87954	-3.57424	0.979333	-3.79193	2.73201	-0.832079	3.25494	-1.55681	4.12101	3.5091	3.96634	5.56707	-0.285386	17.6608	-4.26355	-0.967512	-1.65703	3.66277	1.07488	10.0613	3.46472	-6.12682	-2.53309	-4.73828	1.3397	-1.26348	-0.893312	3.11774	10.435	-0.334849	
-5.70832	2.65934	-0.64524	-4.00678	0.017377	0.268731	-4.17471	-10.3637	-13.7066	0.783314	-1.32251	-1.93388	-0.314574	-0.776317	4.06604	-2.10397	1.86734	1.7528	-5.01177	-0.45943	-8.67796	0.292815	-0.229282	1.7345	-15.4616	6.95761	-0.0181813	0.707655	0.0884569	-3.15922	0.890905	1.61065	-11.628	0.0990822	-2.1201	-12.1911	-6.8411	-6.48925	-6.22866	0.287948	0.274723	-2.31378	2.47458	0.0467207	3.96923	-6.19848	1.53776	8.80781	3.73635	-1.49614	-0.987423	6.31391	-1.20116	0.87285	-2.4821	-0.719741	2.38741	1.90679	-0.283311	-0.96315	2.05375	1.14386	7.15621	-2.68829	
-9.47102	1.03673	1.91776	3.18638	0.0951899	-0.600284	-5.55024	-0.142751	-6.5426	0.787061	-1.41622	0.895367	0.32215	-0.191769	2.41447	-0.362466	6.17784	-12.0288	-3.37376	-0.0105038	-3.0963	0.91339	-1.00498	2.07036	-4.39029	1.565	-0.501357	1.24033	-0.953587	-8.88445	0.0190124	3.12871	13.0035	-0.257795	-0.625708	15.0161	0.177647	4.43434	-0.196784	-0.316085	-1.31119	2.63692	-2.8585	-2.30043	2.01854	2.87991	-0.720904	4.9175	11.7737	-3.86359	0.593179	-1.80236	1.38576	-7.58253	-1.88168	2.09127	0.619641	-11.991	3.72709	0.0297402	5.21537	-3.16301	-1.37699	-4.90846	
4.68199	0.948975	0.00333894	4.59552	-0.154584	0.208623	9.69284	7.37927	-5.85357	1.04778	-6.47244	-3.64381	0.117439	0.272399	-1.82406	0.781987	-2.08684	-4.75066	-5.52941	-0.629095	-7.05244	-0.148684	0.519399	1.97108	-6.34907	-14.8933	-0.387008	0.193714	-0.080273	5.50025	-1.88971	-3.41423	3.84386	0.270138	-0.382591	-5.73145	-9.89522	-4.86285	-5.5875	-0.60797	-0.238023	-6.47809	-3.54696	-7.27197	-7.65018	2.64519	-0.654133	1.08228	-6.73972	-4.79345	-4.50273	7.4078	-1.17918	6.09065	-0.73893	0.949595	12.7627	2.84984	1.60346	1.74262	-2.28371	0.833315	-6.63462	1.05711	
-12.5215	1.95008	-0.634774	2.21999	0.0328535	-4.91798	5.65474	-9.42571	10.899	-0.737076	5.91258	-7.18011	-0.254961	0.28852	-0.0770506	-0.404345	2.92703	-7.36272	0.667871	-0.555267	1.50568	1.22719	0.0823416	-0.77545	-12.745	-0.490488	0.515963	-1.47735	0.568792	1.66609	1.97998	-0.273132	8.08042	0.409221	3.10836	-2.11905	-0.233117	-1.91145	7.60872	-0.0736387	-0.812603	8.27739	-3.85126	-14.3919	0.544104	-4.10707	-0.107594	-5.64958	-4.59402	-4.01278	-5.7869	0.272619	-0.0482792	-6.03012	0.142161	-4.92989	-1.78225	-2.89315	-3.35029	7.04066	0.838753	-4.18477	1.78164	6.22551	
-2.55616	-0.0693408	0.362025	3.91047	0.0753033	0.394083	5.29106	-10.1778	-4.60208	0.0862724	-4.34607	-0.609235	-0.105561	0.622011	2.12156	1.76254	-5.57953	15.9275	0.827477	0.0154442	-8.11716	0.368769	3.98048	1.63899	4.02357	3.25883	-0.444877	1.24692	-0.0155037	3.86746	-1.73023	4.30723	-14.466	-0.546754	-2.25458	8.69309	6.6002	9.0822	11.7624	-0.99502	-1.31278	-6.33421	2.96162	-4.87399	-1.14442	1.77599	-0.208341	-6.03664	-2.12965	3.95355	2.02702	13.4064	3.16841	5.65935	-3.44335	0.576502	5.21052	-2.72449	-1.10294	1.58104	-2.26174	-1.74123	5.08786	8.35513	
2.68806	1.44186	0.437904	-0.168646	-0.100712	7.8026	12.2395	3.50115	1.87539	-2.17567	2.75157	-5.92421	-0.208874	-1.44574	0.400081	-5.55279	4.99368	-4.65428	-4.52109	4.40711	-1.00524	0.585281	0.58093	0.919155	1.87042	-3.46882	-0.161574	-0.753842	-0.315347	0.76692	4.07666	2.24401	-5.10151	-2.15187	-5.36918	2.88238	2.50215	0.660424	-1.74617	0.696837	7.06339	1.31417	-8.50129	1.72082	1.71768	6.78386	-0.0383123	-0.50271	5.33395	2.89946	-2.52452	1.10156	0.823816	3.35489	3.26861	6.31847	-3.3285	1.72378	0.274357	1.01122	-12.9226	3.70907	-2.39457	6.21743	
-3.00379	1.48021	1.45138	-0.0605606	0.0540299	1.60367	-1.28528	3.68413	1.44627	-1.16958	0.419292	1.20735	0.155727	-0.301913	1.35869	-1.35059	12.1612	5.54123	-0.191142	-0.334907	-11.8766	-0.698989	2.11189	1.56529	0.643707	-9.34421	0.779604	0.456399	-0.010981	-4.10916	8.46303	-4.42609	-1.89607	-0.102548	7.6001	-2.27766	3.90891	3.15942	-2.62588	-1.56301	-3.54869	9.11637	7.34877	-5.37119	-0.970145	-5.1402	-0.715946	1.44855	1.47726	4.34494	1.29559	2.81896	-1.55817	-5.89013	4.61391	3.56054	-0.231323	5.58866	-2.08927	0.579221	-8.42464	1.44462	9.74708	-7.30254	
6.02742	0.968661	2.5239	-2.96336	0.0262835	11.293	4.31337	-5.45319	2.43582	0.896831	4.1785	1.43983	0.246355	-0.179243	-2.30047	1.46535	2.5207	0.855456	-4.67093	1.71378	1.00807	0.420745	0.490577	-1.37064	-8.8919	-3.9967	-0.378901	-0.412096	-0.357733	-0.118297	-5.2734	1.58392	9.39897	0.534433	-3.2394	-23.788	6.77267	5.72561	-9.0845	0.176428	-5.3639	-11.68	0.865041	0.238626	4.10912	1.29973	-0.394937	0.785967	-10.7495	3.34548	-6.68853	-2.26491	0.784559	-3.68853	-3.76609	0.368068	-1.57123	3.49871	-4.54533	0.592477	5.33723	-0.74919	1.76735	0.666705	
-5.85583	-1.36972	1.21536	5.9201	0.0475527	-9.54869	0.813311	-1.40909	10.5497	0.9648	1.07476	-0.750982	0.364784	-0.488082	0.545885	0.149234	3.88639	8.05176	-3.02363	2.37413	-2.40283	1.66265	-0.676714	-1.89447	10.6845	-0.118677	0.097505	0.0368511	0.186968	-7.69214	-3.53491	-1.80686	-8.39329	0.930134	4.47147	-18.4103	-0.942267	-1.39331	3.39103	1.32999	4.34353	-0.383553	-0.498857	11.9041	-2.5689	-0.235077	-0.24771	2.73594	9.84677	-0.971911	-1.90208	12.3441	-4.27265	8.00613	1.97329	-1.59394	-4.61274	-0.719793	-1.54899	-1.32002	10.273	-0.52233	3.29905	1.0156	
-14.3708	-0.59019	0.710489	-3.08118	-0.151927	6.27262	5.54352	-9.60848	4.92906	1.73423	-2.58687	3.78043	-0.0415827	-3.12652	0.217717	0.029853	-14.6916	-6.28726	-4.37016	-2.32566	-0.711331	0.783077	0.57462	-1.27657	1.90631	-8.92132	0.947534	1.40569	0.302067	-7.34081	0.657107	-0.231663	0.358761	-0.39234	-0.955565	8.97361	0.498146	-0.576945	7.1447	0.633364	-2.03295	-0.36045	2.21201	-9.37232	1.7169	10.3707	-0.271469	0.241477	-3.84294	-0.812024	8.03121	-2.51071	-2.74022	2.10736	0.341366	-1.84041	-1.41237	6.08295	-0.382459	-0.535144	-2.28298	5.48296	-4.44813	-4.99126	
1.95776	0.340155	0.394936	-2.15501	0.121495	5.83401	-2.46937	1.8135	0.160814	0.508891	-1.13852	-2.08535	0.317939	1.09649	-2.88835	-3.30549	-5.32924	-8.09965	5.47674	-3.85655	-5.68706	-0.532653	0.421125	0.309798	-1.21156	7.16433	0.174396	0.529085	0.0352346	-6.08912	-3.75578	6.38988	-4.48022	0.548356	4.16844	-20.1752	-5.69997	3.96045	10.1367	0.214009	0.242047	5.92219	-6.10053	-0.742995	-2.19698	3.41147	-0.120146	-1.80276	2.26937	2.76074	0.756601	-5.59119	0.135247	-5.44028	4.166	7.25012	6.40828	3.0746	3.18699	2.00216	10.1583	5.79217	1.22066	7.06851	
2.20414	0.0273076	0.115318	0.202479	0.135308	0.667265	-1.30335	2.18567	14.5179	1.61612	-5.88815	6.27682	-0.271903	2.36357	0.493052	-1.39287	-4.51666	-9.67949	-4.09937	-3.93057	2.99415	-0.201138	2.66443	-1.708	0.175402	-4.65159	-0.794803	-0.286949	0.0986101	9.70823	4.09808	-3.44875	1.23389	-0.618763	-3.49357	-4.82225	-1.54626	-2.53749	0.915176	0.250902	2.49679	7.84488	-1.28981	-0.696598	6.08378	6.8709	0.106709	-2.74138	5.02628	2.55164	-3.21631	8.3205	-2.17644	-4.46487	-4.32542	9.87993	-3.01151	-4.11283	-2.33208	-0.167558	-1.03119	-1.89379	11.4852	-5.84143	
18.5706	1.80076	0.0950098	0.133294	-0.0669209	10.9084	5.15175	3.12076	-9.01267	0.341027	-2.10331	-4.34684	-0.259233	-1.86186	-1.65706	2.19548	5.45593	3.43789	4.05214	-0.95799	5.90686	0.327269	-1.5504	-0.552653	-1.99928	14.5647	-0.571387	-0.552658	-0.236272	-7.19752	3.14868	-1.03705	4.58815	-0.266297	1.91575	0.419169	0.0250495	-3.04852	4.88793	2.19988	-5.78972	18.0528	1.86415	-4.83003	-1.67803	3.39867	-0.248417	2.74581	0.64597	2.76092	3.57029	9.72512	-2.78239	6.10638	-2.20893	-0.830298	2.75434	-1.61262	-1.02051	0.607987	-0.654064	-3.39928	0.777428	1.32467	
-4.05248	-0.304582	-0.614998	-3.98001	-0.206536	-2.65408	-8.42669	3.70408	4.13857	0.697654	-0.968194	-1.00894	0.0726151	0.233314	0.917724	0.312986	10.0743	-0.818732	6.83581	0.356889	5.39808	1.14647	-1.19863	-3.27276	-13.6918	-3.92858	-0.498214	3.18075	0.676796	1.71954	2.76639	2.30266	4.94932	1.43478	-0.422722	-4.75138	3.76765	3.98686	-2.96156	0.101591	-2.80655	-5.74707	2.35242	-2.76098	-2.27578	2.18663	-0.244452	-2.98302	12.5604	-0.415584	-5.76471	6.69527	2.26348	4.13404	0.291911	0.288911	7.23585	-1.86926	4.12623	-0.749898	-16.1713	7.28498	6.35456	-0.184289	
-9.15831	-0.641979	0.865242	0.461305	-0.0836372	3.60205	5.11042	-6.45503	-6.20077	1.73128	-5.81734	1.66378	-0.115219	0.53537	-4.29788	-0.173975	7.99914	-1.52387	0.0149992	2.61221	-3.44032	-1.8843	-4.5864	0.334786	-2.4443	0.837845	0.627424	-3.44633	1.04315	-8.16879	-0.697442	-2.29162	8.45159	-0.102149	-4.63729	1.36255	1.63436	0.0722558	7.95123	-0.124909	2.80626	-0.365514	0.976357	8.19986	-1.91438	0.348036	-0.182462	3.854	9.96732	3.42639	-1.44244	-3.78805	1.89763	-1.48192	-5.26112	0.847546	4.75217	0.539002	0.866973	0.938024	-1.39756	-2.44187	4.70936	1.78615	
3.13889	-0.294647	-0.146926	1.37526	-0.0300938	-17.3757	-6.53113	-3.77103	4.65639	-2.47266	2.02639	-2.15765	-0.0648015	-0.405615	1.80369	-2.42059	2.11051	10.0317	0.799111	1.52001	0.0277814	-0.28242	-1.14819	-2.50825	-6.33987	-6.47114	-0.319486	-1.36351	-0.361687	4.8697	-3.68027	1.22059	8.21493	0.775073	-5.63583	0.825272	-2.83167	2.56829	9.00809	-0.499173	-3.94962	-0.726347	4.24415	0.953909	-3.44374	0.488381	0.208781	5.48939	2.81797	1.0617	8.35389	-2.63463	-4.90639	0.501498	-3.90619	11.6545	6.41572	-1.10785	-5.25975	2.79734	4.24867	5.47764	-7.97887	-5.68923	
3.41707	1.1577	-0.226704	2.02142	0.0522265	-11.0557	-2.07261	-9.21901	0.832684	-0.951335	-0.0396034	1.29917	-0.0304956	-0.549294	1.17903	1.42338	-16.3999	3.00345	-0.322502	1.8627	-0.482849	-0.922348	-0.949869	-2.33104	-6.99663	-2.29661	-0.331919	-1.67656	-0.157768	-9.10898	9.32362	-3.32798	-1.4386	0.366409	2.62301	-9.90303	-3.36687	6.1298	-0.764482	-0.197583	-3.96098	-0.533939	-2.27884	1.88809	-1.86251	3.61061	-0.0695392	2.01046	-4.58524	-1.25355	-1.6496	3.19051	4.45899	-0.930304	-1.23547	7.59708	-13.2913	-2.11631	9.72372	-1.21134	-3.42461	2.14517	-1.34373	6.22943	
-0.314215	1.69907	-0.677798	-0.541039	-0.00769896	16.508	-3.94759	0.424936	8.41017	-0.111268	2.01396	2.99676	-0.260074	0.110326	0.864611	1.65367	-6.17633	2.28538	1.29004	0.996623	0.0263856	0.573209	3.11792	0.995219	-8.48159	-5.7994	0.397331	-1.46163	0.102251	-7.94512	-2.2395	1.16894	5.44509	-0.876015	-0.541463	-9.36681	-5.7804	19.9064	-6.47314	-0.843717	5.72436	6.47276	7.85175	5.22038	-4.46207	-0.326215	0.185211	-8.59495	2.45994	1.33786	2.39551	-5.17213	-3.32073	9.62076	-1.02441	-1.63473	2.93836	-7.3534	1.86065	-1.14851	-3.2967	-4.00895	-6.28791	-4.3672	
-9.32484	-0.91586	0.808556	-2.2114	0.052381	-4.08552	-1.659	6.97345	9.31262	-1.16559	2.34142	2.26168	0.00639117	-0.930917	0.758497	1.87898	3.90096	12.1898	-0.827113	-0.885864	-2.00256	-0.144707	1.44104	-1.15767	-3.11992	7.81471	-2.08891	0.287339	0.261123	-6.69403	2.13644	-0.333449	-5.23117	-3.12777	-4.67946	-9.42104	-1.00061	-2.1947	7.57208	0.340952	5.22483	5.41629	-1.02084	-14.4234	0.46563	-3.96432	-0.566057	4.27504	-5.82562	-1.78481	-0.624755	-5.28785	3.62678	1.64308	-1.63309	0.435371	7.34394	6.91568	2.90576	-0.614564	0.246149	-4.39768	-6.84906	-7.98314	
15.1101	-2.05421	-0.24144	1.74493	-0.176222	7.76467	2.49004	-0.514197	4.17284	-1.65332	0.92819	2.43799	0.0157081	-0.57775	-0.111133	-2.74567	-4.26559	-5.31203	-1.19857	-1.03193	-10.1462	0.0855171	-0.744448	-0.553832	-15.9023	9.11175	0.250428	-1.04939	-0.213748	1.71917	2.65664	-1.26825	-6.06156	-0.770478	6.48958	-4.4639	8.80744	-6.8137	6.20468	0.0336558	2.52298	-8.75068	2.93913	7.33567	0.754723	1.94488	-0.145126	-4.32203	-0.227616	-3.44471	0.319083	-4.15658	1.3923	5.35001	-4.20846	-4.77867	3.5917	-6.18759	2.74114	2.29875	5.98329	2.39801	7.75619	-12.8875	
-15.6908	1.15391	-0.104494	1.30411	-0.00281523	4.164	-1.56324	0.183216	-3.49985	0.357416	-0.962471	-8.51664	-0.0544265	1.01714	1.23996	-2.85042	2.51327	4.21052	-0.706115	-1.82622	-3.4053	-1.19246	-3.39163	-2.38516	7.28558	-0.503819	-0.129312	-0.52843	-0.349772	4.34572	1.91202	0.0549064	4.3992	-3.26547	1.48495	8.02698	1.29674	12.3213	-2.08677	2.51094	-2.32329	-3.16518	0.432558	4.00501	-0.042308	-6.07322	-0.0390034	-11.5635	-7.07783	0.896929	-6.93841	4.7677	-1.62739	4.56265	-1.50846	-1.77299	0.126218	1.57498	2.7959	-1.22487	9.1368	4.47078	-6.76841	-6.66421	
-0.150295	0.24032	0.159281	-1.54486	-0.0508745	-1.14868	6.4637	-6.99233	-9.80012	1.2886	-2.05582	-0.734324	-0.434126	1.93928	-5.86381	0.7346	11.6394	6.39399	-3.66832	-1.50221	-0.681456	1.57714	-0.0396717	-1.99281	4.75444	-5.65866	-0.131695	-0.866973	-0.555491	-0.187897	3.62316	0.761255	1.1082	2.77162	2.5912	-4.76797	5.40182	-2.2053	11.3731	-1.0892	1.17881	2.22499	-0.186008	7.22884	2.86136	-2.75182	0.553072	-1.39009	-5.20036	-2.00388	0.732843	-4.03091	-0.382884	4.8375	4.903	7.37389	2.08649	0.188352	4.77187	-1.99511	-6.15004	-2.03029	-13.6136	-4.98453	
-7.84175	-2.12457	-0.302864	-2.78102	-0.295723	-7.69942	6.02375	1.07903	5.78135	0.347365	3.46752	-3.67561	-0.307138	-0.620428	1.48304	4.35663	-3.63932	-0.721751	-1.78561	-0.674072	-8.22982	-0.212934	1.30043	2.17291	0.611043	7.63442	0.659802	-0.455684	-0.371573	13.3828	2.06597	2.53155	2.7606	-1.2146	-0.927931	-10.8373	2.49052	-3.9494	-2.99492	0.14337	-1.18783	13.1359	6.75228	11.7699	-0.878907	1.29428	-0.554154	2.94942	6.13249	0.744935	-5.7832	1.0364	-0.941644	-12.5962	-1.12853	2.10658	1.46355	-1.85163	2.399	-1.84546	4.2849	1.33756	-9.50292	6.98372	
2.05091	-1.23532	-0.144893	-0.667472	-0.194562	1.36702	-6.62776	-0.243051	-11.0515	-0.432438	-0.930568	8.57742	-0.0858444	-1.06279	-1.85115	-5.21277	5.71417	1.8402	-6.50652	-1.60653	8.55752	-0.336991	2.49583	0.10806	0.0301274	6.45463	-0.224228	0.695316	0.311362	-0.803036	-3.91055	-1.81655	7.48592	0.356917	1.19777	-3.25001	3.09597	14.6227	-0.916123	-0.153233	4.17513	4.50139	6.23835	2.07386	-1.78186	-2.04737	-0.118265	0.967277	-6.06089	-5.12001	3.422	14.507	2.28939	-12.6109	0.619405	1.56284	-3.52201	0.862707	-0.449887	1.70254	5.24943	0.980633	-5.96575	6.31632	
4.44801	0.965657	-1.35924	5.37763	0.0140198	-14.8386	7.48381	3.56782	2.76682	1.77398	0.339953	4.6866	-0.0484097	1.53595	1.03494	-1.04576	4.35201	-7.65998	-5.60886	0.106702	-3.0036	-1.07962	3.35967	0.257033	-6.1702	6.20032	0.326399	1.48538	0.273456	-2.74516	2.42948	5.04736	6.64105	0.713504	1.03319	-6.87831	-2.03574	1.73065	1.72947	2.09751	-1.36528	-4.3991	5.80562	2.79462	3.58676	-2.61141	-0.763963	3.66936	-0.518093	1.50574	6.37837	-5.39399	2.40712	8.76493	0.973919	-3.84441	-5.94346	-0.0824397	-3.60809	0.428301	-13.6515	0.106919	-10.6466	-1.8289	
5.18272	1.78848	1.08449	2.45308	-0.0173522	3.85024	5.16569	1.60822	-13.0163	-1.40359	2.61951	3.00476	-0.33983	-0.00207653	3.12555	-0.520073	-12.021	-7.72402	-2.67029	1.89989	2.41543	-0.486144	-2.23293	-2.29486	8.22121	2.93954	-0.0566622	1.95979	0.414064	8.24931	-8.93805	-0.362404	1.34824	-0.283489	1.80369	-4.8321	-1.6439	-0.668173	10.6155	-0.80758	-1.64615	-0.688805	9.59271	-12.7646	1.98619	-0.0407024	-0.144514	-0.63921	13.6601	0.310149	-9.69967	-2.05407	0.00581727	1.35402	4.91028	1.0511	-2.41989	2.33335	2.88876	-0.729046	2.49028	-4.01754	-3.67205	-5.68491	
-3.09545	0.0582012	-0.436949	-0.3265	-0.0859401	-2.77889	6.94061	-1.33389	0.299621	-3.41138	-9.91394	-1.97577	0.404737	-0.4355	-5.49189	4.90665	-2.74754	0.558205	-3.63206	-0.391644	3.65011	-0.231347	3.51575	-0.432544	-1.19413	5.21038	0.0125871	0.752241	-0.371867	-8.65476	-1.65785	0.589484	8.92159	0.0224439	-2.16884	2.01718	-4.44386	-3.48211	1.28159	-0.0133742	2.26304	-0.640504	2.13185	1.95955	2.58786	-5.83595	0.651141	-4.39171	5.74773	3.66721	-6.24818	4.16764	0.779094	-3.66614	2.53139	-2.73536	-5.27307	-1.81584	-1.09152	3.32747	-0.293064	7.0736	1.04116	-7.93009	
7.17782	1.08076	1.44548	-3.14157	0.182099	-6.41326	0.6881	-0.0496058	9.1294	-0.695404	0.246268	2.98735	-0.072837	-0.879205	-0.220879	-1.03553	-1.37069	5.32699	-0.908615	-1.2218	-8.9908	-0.946216	-2.02479	0.979817	-5.37632	-5.38554	-0.745567	1.74112	0.50479	-0.956271	-5.68896	-2.52155	8.69286	-0.517357	-0.549988	-1.95356	3.85847	-5.7561	3.32304	-0.362729	-1.68446	1.3677	-7.71989	9.45372	3.23505	-1.16854	0.461155	-6.52463	1.31556	1.31159	3.87738	6.94911	-2.82725	-5.13012	2.04968	-11.8064	2.08375	-7.80856	2.78387	-1.36686	-9.37463	1.27715	-17.346	5.4521	
2.40005	1.48607	-0.229637	-3.36818	0.181415	3.00439	18.3521	-3.39634	8.20252	-0.604565	3.88811	7.91406	-0.141913	1.11777	-0.454724	0.552882	9.15005	17.9252	-4.79084	-1.60276	0.565866	-0.217225	-2.08979	-2.36954	11.1052	6.01448	0.869336	-0.730323	0.144012	-0.905824	-1.58098	2.89133	-1.56496	-0.162316	1.28547	5.2336	-2.94328	-7.30142	-12.9693	0.241923	1.199	-5.45142	2.43965	-14.3136	-5.89971	3.79683	-0.26137	1.02385	3.12371	-1.51419	3.85751	3.06346	1.5559	-6.59654	-0.438111	1.8412	2.57309	-7.09978	2.9989	-0.00837889	3.91526	4.33489	1.78843	-2.25301	
2.99332	-0.0527921	-0.698468	4.12243	0.0884939	-7.76437	9.07053	-7.48947	1.22548	1.57248	-2.64661	-2.1263	0.320385	-2.70853	0.845317	-4.04725	-2.11709	-4.19724	3.00084	-2.07345	6.4665	0.394617	0.732428	0.54161	-1.52172	-2.54234	-0.311962	-4.16616	-0.321265	3.58146	-4.87023	0.287422	-4.42732	1.9986	-3.07198	-5.90577	2.4244	-2.86262	-3.60885	-0.316908	0.380918	7.21785	2.82864	-10.6275	-1.28517	-8.75251	-0.38007	-6.33551	4.29433	2.73152	-1.03098	-1.42059	2.52649	-5.47963	-0.555333	-3.66179	3.47926	-0.210736	1.59691	-5.19561	-6.77463	2.33145	0.0151129	-4.40621	
-3.06688	1.38841	1.26768	-3.52169	-0.00713228	-1.80993	8.80116	-0.771691	-5.50538	0.146448	-1.71444	4.18491	0.158509	1.56796	-1.60362	-1.46755	-18.9765	0.620713	4.61435	1.09226	4.06465	-0.351965	-0.810911	-0.647446	-5.25392	-4.72419	-1.00158	0.756009	0.0197525	-1.19169	6.21702	2.16038	-5.58719	1.81336	0.953156	7.62535	7.34698	-5.94585	-9.39	-0.0684703	4.96404	7.05136	5.26225	0.934873	0.78069	-9.87994	-0.844715	4.28915	2.78756	-1.80781	0.347184	-0.819248	-4.53116	7.59947	-2.16654	-0.148009	0.595507	-0.679041	-1.16808	2.38492	6.76331	2.80813	-4.78571	6.4323	
8.78909	-2.72281	0.77652	1.10624	0.233047	6.0669	9.49442	-5.91987	1.63989	0.496034	-2.00765	-10.0174	-0.151275	-1.14535	0.549479	-0.320983	-2.41227	-1.25245	2.27197	-2.61909	-1.49849	0.884197	0.462972	-3.07913	-2.9221	0.0920233	0.472234	2.90943	0.262155	4.72525	-2.71813	-0.0684344	8.41459	-2.67411	2.65601	7.10551	-3.18332	5.18847	-7.3868	-0.407962	1.80781	-0.789221	-2.22876	12.6686	-1.87102	-10.0457	-0.0987437	10.0655	2.55915	1.25113	1.81698	-1.93793	0.94464	-1.21655	-3.41137	5.41253	-3.84452	4.05038	3.20428	2.3512	-9.11439	-3.05609	-1.55244	-0.969829	
1.4987	-2.18095	-0.484986	0.197418	0.278557	13.3458	4.43001	-6.33636	1.68771	1.88319	7.12049	-2.26669	0.0865984	-0.532725	-1.43802	1.76368	8.40696	-14.2713	-0.655125	2.96857	4.69265	-1.04046	-0.879772	1.48004	-7.71983	-5.58483	-0.911515	1.63122	0.0755307	-1.33277	1.96288	-0.228404	-11.8892	-1.1985	1.03699	5.38129	-4.1253	-3.4737	9.73526	-0.352986	0.34262	3.02026	9.07584	2.96414	-1.92023	-1.02436	0.103043	-0.417539	-7.08856	-1.4703	-4.79317	4.30012	-0.0216393	-2.06696	1.55656	4.72371	-0.789011	-6.4965	-3.51173	-1.04999	0.23017	8.391	-6.03398	-1.81442	
14.7237	1.33058	-0.2833	-4.83919	0.0418971	-12.982	3.89032	-5.20284	9.00077	-0.00962041	-2.36968	-6.34831	0.221575	-0.17418	0.75481	2.49621	5.32864	-4.95798	-3.84371	0.549332	-0.461586	-0.70017	1.97037	-0.848714	-10.5951	4.48665	0.202117	-1.92748	0.334258	2.29828	-1.95525	0.343315	-3.23538	0.455916	3.21937	19.5727	1.25509	17.7817	2.60334	-0.0839277	2.90509	-0.758471	-1.9373	-1.31753	5.72884	2.90437	-0.407792	5.56729	0.89205	-3.10672	-4.28645	1.16701	-2.7884	2.08642	3.72548	-0.480264	7.72363	4.5667	1.09246	-3.48647	9.17793	-0.0962704	4.65807	1.27459	
3.06851	-0.128127	-0.946185	-3.34237	-0.0133026	6.0228	-8.82645	-6.54718	4.09292	0.265239	-4.20095	-6.60281	-0.205113	0.30015	-1.24141	0.158915	3.15484	-11.8877	-0.839062	3.23234	-4.15679	-0.392941	-0.366605	-2.1668	20.4801	-3.03804	-0.476419	-0.451224	-0.0492302	4.49988	-0.178346	0.986462	-14.9659	1.33878	-2.38438	-9.56189	-2.30172	5.33198	-6.1336	-0.962573	-2.4867	8.42389	-3.68889	-0.143701	2.50916	0.205169	-0.89418	3.30013	3.76909	-0.946502	7.01043	4.38159	2.30746	-0.580999	-0.446372	-11.6918	-1.47818	-0.989081	1.13797	4.36494	3.05764	1.06592	-6.52612	-9.4148	
10.1739	-0.303245	-1.69886	7.2344	-0.0137473	0.765722	5.91646	-3.20261	1.70792	1.0724	-2.42891	0.0600149	0.0027414	-0.0589351	1.33003	-0.488631	-0.677016	6.18778	2.87588	0.143192	-5.78817	0.3338	-0.839777	0.209946	13.6443	5.88957	-0.971985	0.749133	0.628616	-12.2425	4.95724	2.10793	6.4653	-1.74002	-6.33679	-2.16176	5.38698	2.63533	-9.1407	-1.09875	-3.05499	1.51614	2.55072	3.46944	2.61392	3.36316	0.44923	-3.36233	-0.421328	-5.30334	-5.42369	-6.89529	-4.19135	-10.3604	3.35366	1.51594	2.21573	3.73326	-0.859348	1.04716	2.83819	2.15923	1.69854	-1.18535	
0.230903	-1.90916	0.97797	2.51076	-0.30534	-3.83792	1.6703	-3.01608	2.67783	-0.452845	3.42703	-1.88665	-0.247561	0.931977	0.254294	-1.21154	-2.49488	-6.79452	-2.71418	-0.465323	1.80876	-0.347339	-1.17018	-2.38831	1.8373	-0.280637	-0.611117	-0.294114	0.0300494	-11.4075	1.64543	3.62789	4.41639	-1.55161	9.32749	5.01852	-5.75272	-2.85305	-7.94645	-2.15028	-0.712738	4.25593	-4.72197	-4.39811	2.90595	0.149455	0.416194	-1.62824	-0.00241218	4.10095	0.447461	5.15607	2.71434	4.12233	-2.31098	-2.18678	7.31831	-0.00697916	-7.39218	-4.14176	3.43305	-0.097239	-2.95517	2.42646	
-8.78576	-3.20048	-0.492048	0.176262	0.0682375	-3.52199	8.62766	-6.24719	2.20471	-1.05504	0.507872	-1.77153	-0.39771	0.73564	-1.346	-0.222049	-2.71081	1.56529	-6.63148	0.386973	8.51542	-0.600281	-2.90402	4.31886	-9.33385	7.13922	-0.530693	1.85963	-0.157893	0.309566	-3.15734	-2.38601	2.9843	0.353694	-1.09288	-9.1093	3.00116	6.59034	-7.49545	0.022856	-4.49481	4.12505	-5.65662	-3.20277	0.2296	-1.42007	-0.397747	-3.38779	3.16372	0.269878	6.98535	-2.35714	-1.63211	12.3981	6.09793	2.79418	3.17045	0.133418	2.868	0.286023	2.50874	0.130699	15.1664	-2.2989	
-3.92742	-2.08267	0.760626	1.03733	0.0879992	7.21521	3.01253	0.710183	-0.0369527	-1.03353	2.87892	1.74367	-0.0543882	1.11751	-0.42828	-3.10427	-0.404172	-4.943	-2.95016	0.806377	-0.391615	-0.0522845	7.29449	-3.6313	-7.9521	-3.35358	-0.31122	-1.23625	-0.0532609	-2.66917	3.93953	0.148662	-1.3003	1.40239	-5.66227	11.3776	-2.52998	-5.05517	-0.662057	0.796654	-6.65151	0.950059	4.1922	9.59209	-4.8289	1.32796	0.466555	3.27582	2.26509	1.48745	-1.32007	0.385222	-0.611536	-2.98966	4.93399	-10.348	7.61695	2.05666	5.47979	-0.345647	6.87659	-4.58381	3.67452	4.05171	
-8.21799	-0.315848	-1.34728	1.25383	-0.0579328	4.23905	9.03443	2.39949	-6.33155	-2.56895	2.56212	2.94878	0.258905	0.0202968	-3.05064	-0.55864	-0.171648	2.0982	0.739137	-2.99076	3.07454	1.16836	-3.11865	1.61581	-1.38459	-2.14878	-0.939275	-1.54737	0.542816	2.08958	2.0196	-0.646208	-17.2455	0.411651	3.25144	0.679675	-6.71271	10.0249	-0.236376	0.191537	-3.57052	-11.3679	1.59442	8.39487	6.79207	2.57984	-0.627485	6.83924	1.25248	3.71673	-0.408715	-0.467821	-3.09524	-10.2024	-1.68514	-0.837681	1.41511	-3.51338	0.604986	0.022996	-6.5308	-3.30543	-6.50974	-0.726091	
-3.28096	0.251615	-1.47489	-3.94955	0.0393202	1.5146	0.338411	-2.16608	-1.86907	-0.237432	-4.50556	8.18491	-0.464901	0.630347	5.55375	-0.686383	3.78284	-4.42596	1.83007	0.517194	4.08513	0.585039	4.98974	1.69736	6.05129	1.01353	-0.596803	-2.22145	0.0608203	-8.26011	-7.83381	-0.902614	3.5025	-1.96956	6.06813	1.60506	4.0895	-5.97203	3.83101	-0.327077	-3.84017	-4.36524	-8.37852	6.92481	-4.50604	-2.01078	-0.761898	7.09944	-1.5011	1.21611	-8.87767	-2.34081	-2.00746	3.70507	-1.88102	0.496107	-3.61195	0.204643	-0.117271	0.261967	-0.281681	5.65075	-3.41701	-1.66485	
3.84447	-0.0606208	0.0469533	-2.87884	-0.0452796	-12.4503	-4.31181	-2.27099	-9.40367	2.1567	2.25799	-3.01768	0.280616	1.28563	1.21049	0.19776	-4.01592	3.68829	-1.47925	-3.13611	6.66101	-0.106009	-1.73067	-1.24083	-10.3685	-2.72157	0.478576	-1.85135	-0.386402	-6.609	-2.25575	-1.22827	-13.6373	-5.91489	-3.34018	-2.12198	3.47014	-2.17768	-3.09492	-0.615704	0.0249042	-1.17632	2.74182	4.12287	-2.68081	4.89947	-0.168677	0.443452	5.01453	1.16846	-1.16032	2.91816	0.637003	1.01482	7.77666	-2.39311	-0.429575	-1.83253	-2.83946	4.33986	-6.92965	-3.7119	-5.17781	-2.62488	
-3.05031	0.472082	0.867761	6.85545	0.113587	4.68125	-5.58671	5.88514	-1.60208	-1.34378	-5.439	-2.20877	-0.255412	0.600239	-0.0133047	0.298278	10.4192	5.46065	1.09917	-0.347616	8.22562	0.127871	0.56804	-1.16508	-18.2934	4.39097	1.60547	0.583166	0.220515	-1.52746	-2.44065	0.182824	-13.6607	-1.05541	-4.02128	-2.07978	0.127822	-7.60217	-3.84267	-1.52026	-1.05029	5.63256	0.243342	1.90728	6.47558	3.25533	-0.813283	-2.62641	-3.40883	-0.997552	1.03794	-0.83723	-1.16313	2.95699	-3.17795	-1.27871	-3.65191	2.90462	3.18364	-2.0425	8.68207	5.47293	-9.60342	4.21907	
-1.91845	-1.10379	-0.226186	0.890983	0.0251023	-6.14487	2.0417	-7.51999	-11.7735	0.659458	3.0376	-1.08257	0.0142638	1.17108	1.49538	-1.04432	-0.236374	11.6548	3.33776	1.45589	-2.83342	-0.26639	0.213162	-0.212791	-11.5869	9.25794	-0.256147	2.31485	-0.182105	0.529584	-2.48184	-1.32197	0.987309	3.89951	1.97778	5.74944	-1.60727	1.72506	-4.77866	0.0758744	5.95185	9.33515	-4.74228	-1.48207	-3.48598	12.9819	-0.165526	-1.19548	-6.4989	4.71988	-6.9745	-1.4033	-2.02869	-8.41537	-2.07264	-6.07322	-4.2597	4.14066	-0.0970626	0.645091	-5.22238	-0.272874	-5.24902	-11.8479	
-6.87181	1.88977	-0.0831902	-3.22738	0.0781099	-2.34464	11.1045	0.741343	7.97568	-1.83546	-3.14691	-3.671	0.0644636	-0.5767	2.52587	-1.44624	-1.07132	-1.40132	3.38752	-0.843738	3.44955	-0.576646	-0.764252	0.599764	2.60259	-3.49708	0.128213	1.34002	0.000118662	-6.2105	-4.51307	0.308276	-5.14555	2.26964	0.820241	0.199771	0.557728	-3.90243	-2.66737	0.204931	-2.7345	6.67068	4.78553	27.4995	-0.384108	6.51017	-0.0233344	-5.51674	-2.0749	-5.37301	-2.16331	2.19301	5.88785	2.98743	-1.14284	6.35999	5.47681	3.16542	-5.04938	-0.247765	-0.57165	-7.01033	-1.61382	-5.40555	
0.602868	1.32385	0.191197	-0.283524	-0.0528211	1.26376	-6.42558	-15.3858	-4.46508	-1.38488	7.41123	-0.024965	0.00549197	0.278783	-3.36967	1.20246	4.54108	-15.3328	4.65664	-2.08058	-3.25939	-0.461555	2.81623	-0.0715514	2.47697	12.9843	-0.324798	0.269322	-0.0535082	-0.969049	1.61945	-1.39793	2.40411	-0.338331	-4.1902	1.09606	-2.44904	-7.83547	-2.37851	-0.209213	1.46833	-13.4754	-2.2376	4.19066	-2.94302	-1.2183	-1.10786	-10.7107	8.7026	-2.33627	4.9172	5.81711	-3.23827	0.771437	-0.680209	4.74509	-3.72542	6.75172	-1.29733	-2.70092	-3.8059	-2.95178	-1.72257	-0.204759	
4.47694	-3.02801	-0.998162	-0.361025	0.270544	7.72937	-12.5843	-2.10414	-1.40366	-2.77152	-2.11624	-2.75665	-0.187327	0.281712	3.27655	0.989662	-3.50021	-5.58942	-5.16849	-3.38375	-2.97124	-0.192815	-3.86976	0.172362	3.71362	-6.0293	0.78928	-0.775739	-0.231114	-9.86965	3.70449	1.49125	4.37566	3.23204	-2.75732	-4.1728	5.21638	-0.111052	-0.90145	0.813376	3.13196	-3.2242	2.67613	-10.5338	-0.572698	0.442717	-0.426115	3.80258	1.46992	0.225198	-8.40879	4.40893	-0.567065	2.98955	0.238257	-0.811409	5.09003	1.25911	-3.63486	-0.632336	-7.35292	-1.73544	-8.90742	5.59495	
-3.50542	0.177968	-1.14356	1.53261	0.218689	1.10189	-2.16579	-2.14445	-5.19408	0.855576	0.442177	9.11252	-0.0262329	-2.69203	0.464891	1.11562	2.23544	10.328	-1.6202	1.16559	10.2036	-1.21357	0.0809676	-0.871094	-0.120069	-7.14282	0.0372284	-0.224949	-0.609257	7.42157	7.07293	4.73979	8.8141	-1.17443	6.68536	-7.26768	-2.18482	-3.10673	3.10208	-0.71586	2.18712	-3.75212	-3.61148	10.368	3.45715	2.92126	-0.174546	-4.42866	7.87813	-0.843715	-0.497065	2.18649	-1.96305	-1.30069	-1.23719	-5.39807	9.54593	7.53631	1.62928	2.84719	-1.36622	-2.32182	3.80844	1.32586	
1.97766	-1.20802	-0.991789	1.01709	-0.216261	-0.273236	9.69144	-9.10813	-5.40519	-0.853246	0.64187	9.24888	0.180147	0.0998584	4.16627	0.911674	8.98763	-6.9463	9.78602	0.831109	-1.31386	-0.956692	1.4367	-1.88574	1.75321	-15.4419	0.971408	2.36598	-0.349817	-4.81547	-3.14803	-2.26172	-4.36465	-0.858971	-2.63543	-7.37409	0.183347	0.609365	-1.41839	1.3101	1.93405	3.07985	-5.11561	-7.54026	6.42354	-3.80936	0.0407712	1.28305	-5.76845	0.946158	0.517639	2.07754	-0.978891	-1.16346	1.23034	4.61861	7.80357	-5.94097	3.04692	0.474458	4.7772	-4.39566	-0.229435	1.69207	
-1.59425	0.0425162	-0.0259901	2.7675	-0.0192382	11.9963	-12.664	-14.1017	14.5291	-0.685279	-4.93271	8.0026	0.405639	1.67977	-3.31436	-1.20679	-4.99931	6.30706	1.39972	3.37588	-1.95876	0.530089	-1.17588	1.2134	-3.99817	8.41944	0.140363	-0.893382	-0.173037	8.40435	-4.34833	-0.0564253	2.35529	-2.37355	4.64857	5.74129	-0.722193	-5.36233	-4.9205	1.24953	-2.17964	8.07623	2.75482	-4.02891	2.13532	0.862354	0.247404	5.04378	0.0872361	-2.05602	-1.35935	1.8411	1.19495	0.230995	2.97403	3.52248	6.63648	4.52828	0.0276782	-0.580474	-13.6153	-1.08814	-8.73544	0.901883	
6.87869	-1.81518	3.65007	-1.45027	-0.144028	-0.562468	5.29626	-2.3082	10.3225	0.335932	-0.85619	1.84394	-0.0745395	1.18723	6.29586	-0.61855	4.23368	0.931654	5.48909	-0.846565	8.25229	-0.250253	-1.48702	3.58711	6.97365	6.48427	0.31163	-1.95233	-0.212593	-1.27442	3.73167	2.24464	0.00758835	1.44149	-2.44132	-0.514258	-9.01262	3.128	4.90704	-0.185978	-0.350206	-5.57297	2.98509	0.770925	2.33816	-2.29344	0.235726	-1.7668	-4.5742	-2.81055	-2.38366	5.1205	-1.88302	1.33202	0.156895	-4.2693	-3.03703	3.50887	4.10736	2.80895	-9.88328	1.67584	-0.463104	-3.15176	
-1.62297	-1.0743	-1.6366	-3.28371	-0.0894532	6.38855	-2.25216	4.76184	11.3177	1.84687	-5.83676	-3.38942	-0.193626	-1.12102	1.47518	-2.22698	0.632928	9.47749	1.85228	2.08595	-5.918	-0.0872257	-2.13204	-1.0736	-11.14	2.9601	-0.541212	-0.44917	-0.301818	-4.62207	-3.05954	1.30829	5.63857	1.46012	0.703984	8.07106	-5.16751	-10.1423	-0.397778	-0.651369	0.84844	-11.5014	5.83652	-3.22677	3.73945	-2.14096	-0.928191	-5.21744	-4.82943	3.46838	1.16022	4.85959	-1.00582	-3.71709	6.22943	5.8976	-8.05227	-1.1424	1.46424	0.929718	7.74761	-7.1546	0.174247	3.43319	
-2.70664	1.1272	-0.514011	1.88059	-0.0314969	1.00651	-2.12645	0.0910435	-2.8644	-0.483348	3.46763	7.3327	0.324414	0.0758065	5.1584	2.99534	5.5336	-14.659	-6.40818	-1.78346	-5.2565	0.623062	-4.3215	-2.46035	2.54739	4.51971	-0.83464	-1.26073	-0.0188107	2.02046	-6.39793	0.29645	2.6696	0.901099	-1.7694	7.40219	-0.611837	-3.40544	-1.90086	-0.70124	2.54585	11.3423	4.4215	13.542	0.636165	-0.598842	-0.101698	-2.48456	-12.0861	3.37604	3.76866	-0.69593	-0.216698	6.79449	0.620925	0.191385	0.978023	4.28377	4.65344	2.59829	-7.04585	4.07474	11.8593	7.15565	
-3.74822	-1.58969	0.320991	-1.65821	0.213715	-3.93877	9.22853	4.94297	-9.79068	-0.0825481	-0.672	11.7125	-0.342392	-0.479306	-2.06094	0.210262	-0.541715	-1.41235	9.94733	0.00464708	-12.5977	0.969912	-1.45155	-1.57356	-6.85058	4.2507	0.0324506	-2.06439	-0.425299	4.40213	0.433843	-2.30257	7.36936	-0.720357	-2.91724	0.0455321	-5.91222	9.62348	-1.78254	-0.182797	-0.468633	2.55919	0.0418973	0.31156	3.33714	2.08963	-0.173105	-0.388357	3.63309	-3.39103	-1.31388	3.66142	3.29152	7.95313	4.09841	-3.88034	-2.63841	1.40848	-7.43988	-0.575725	2.59189	5.13911	0.966058	1.94962	
-9.24844	-1.16572	-0.602594	-2.08921	0.0278616	4.939	12.222	1.03087	0.992664	-0.76911	-6.13604	-4.33164	0.495869	0.558003	2.11782	-0.620065	11.7486	-7.64939	1.36683	-0.520813	-1.56561	-1.03641	0.478836	-1.63522	-2.21722	4.08169	-0.788018	-0.381199	-0.433756	3.18899	-1.36846	-0.523731	0.325096	-0.86702	3.99386	-10.1884	4.01627	2.52304	-0.132398	-1.04439	-0.670062	-1.28371	5.25921	-13.5575	-2.37464	6.92803	1.02752	1.01975	6.06671	-3.00535	4.42815	-3.69401	-3.41688	5.83206	-3.89914	-3.51913	-11.7147	1.79603	0.0836506	-0.718812	-5.38336	-3.6908	-5.42767	9.15173	
3.09539	-2.22938	-0.0488301	-3.43667	-0.0683504	4.93713	-3.86622	-0.0177088	-10.3197	0.481843	4.55041	-0.770876	0.454808	-0.701895	-0.866427	-1.54512	0.373159	20.2332	-5.90937	-0.808258	-4.9498	-0.717171	3.11989	-0.970582	4.80732	-1.68917	0.259043	-0.820431	0.341185	-0.563291	-3.09864	1.21606	-2.44524	0.943249	-1.13745	5.11649	-6.0085	-2.44609	0.370841	-0.107449	-4.38572	11.8053	-4.59719	-1.12751	4.83297	-2.31043	-0.517334	-6.80311	4.38603	-4.73313	-7.56039	-5.65067	-1.28693	12.2507	-3.35507	4.58527	-5.73788	-5.63828	-0.839616	0.652957	-10.6887	-0.554374	4.51865	2.6617	
2.89257	-0.048638	0.657389	-1.52619	0.0541235	-1.83084	-3.31709	-8.90537	-5.53323	0.28707	-1.88251	-6.79849	0.0312512	0.0893707	4.03385	-0.499094	4.70303	6.10856	-0.830969	-0.32232	2.6845	0.77495	2.60365	0.939377	8.72937	2.42556	-0.608563	0.367792	0.127325	1.59429	3.61659	-8.02711	6.84659	0.225886	3.50862	-2.46881	-4.67664	-3.58573	-4.39051	0.763994	2.31182	-4.82869	8.42727	0.448315	4.81669	4.80289	-0.207671	-5.82526	5.88747	2.81585	2.18231	-13.4641	3.42128	3.23124	0.535876	-0.2925	8.94362	-2.72749	-0.46295	2.15285	8.97207	4.53517	-7.67251	9.78671	
-0.469044	1.07227	1.15816	4.10701	-0.210961	14.255	-1.92514	-4.48732	5.05122	0.154123	-4.98712	2.43183	-0.352087	-0.498585	3.2819	2.54894	2.76087	9.68127	-1.90139	-2.44732	0.576179	-1.05264	-1.01301	-2.46402	-8.69442	-1.69734	-0.824142	0.474067	-0.344584	3.73544	-0.577815	-0.631953	-13.8747	1.79165	0.52551	1.49961	-1.13444	4.70634	1.85658	0.79977	1.0479	-1.42976	-6.71819	5.89265	-4.64939	-3.84203	-0.178959	1.07561	6.07129	-2.67148	0.352332	-12.5805	0.448357	-9.47038	5.15864	-1.96719	-3.03247	-2.58574	-7.46356	-0.802161	-4.78843	1.88121	3.9122	4.94103	
-8.0927	0.363874	0.694577	-1.32558	0.0823531	-7.96643	-1.54087	2.78247	-1.93376	0.0283228	-4.31801	-2.43165	-0.110975	-0.913285	-1.7418	-1.8844	-5.27652	-6.84173	-0.504923	2.3588	2.17152	-0.276139	0.675425	-3.24128	10.3826	22.26	0.687479	1.07475	-0.353967	-1.11558	0.995386	-1.86533	-3.41231	-0.609641	-0.198076	-7.42782	-1.80091	1.36361	0.766464	-0.721215	0.582824	-5.23022	1.83737	1.73836	-0.330996	-0.487655	-0.38856	1.56807	-14.7025	-0.951295	-2.84787	-4.24248	-3.9166	-3.69453	0.290067	-0.833292	11.9662	-10.3323	-2.11062	-1.26084	-18.0199	-0.814143	8.71112	3.50778	
5.86827	0.401854	0.249589	-0.051591	-0.0394801	-16.6832	-6.32221	-5.9441	11.3814	-0.239422	-1.52004	7.30483	-0.42594	-1.46827	-7.20098	-2.2033	10.3129	-4.01512	0.403484	-2.01721	-2.29376	0.0137656	-1.74179	1.3362	4.60067	-8.09205	-0.264129	2.54501	-0.521372	-2.79515	-2.17169	0.771517	-11.6361	-0.915134	-0.0658752	7.23975	-2.92553	2.40564	-3.0495	0.180078	-0.628717	1.65338	7.55751	-2.54573	-2.77661	1.83915	0.0564782	-0.238953	0.12073	1.89411	-10.6029	-8.75259	-0.724821	7.2505	-3.52151	-4.18729	-4.50032	1.45818	2.51034	1.43011	3.1507	-2.60616	4.57218	6.76369	
-1.0897	-1.24801	1.25483	1.21918	0.0717314	-7.43841	-4.16201	3.6967	-10.3079	-0.667367	-0.134882	-7.34906	-0.536491	0.478568	-2.0039	2.23989	-1.56094	-1.92038	2.87613	1.2941	-2.82736	-0.265682	2.06728	-0.0521177	-0.599387	-14.9087	-0.738374	-2.37907	0.0787151	-5.59672	-9.29176	2.91712	-2.98106	-0.800265	5.96691	-0.216432	1.21711	-3.72547	-6.31811	1.90139	2.0687	-1.13831	6.679	-3.86422	3.8128	3.59048	0.0257788	-4.50485	-0.944043	-3.89393	5.90567	-0.240809	-1.25615	-11.6521	-0.820449	1.50034	-0.236804	1.18919	2.08294	0.515813	-11.8378	1.8865	11.7859	-0.110066	
8.04236	0.343728	-1.43182	-3.43742	-0.0349252	1.88496	5.65755	-2.32538	-0.269507	-0.701924	-0.57147	-2.74352	0.105675	2.91131	0.689908	-1.73369	-3.62045	8.16712	-2.93432	1.61886	0.983526	1.03011	-2.51231	0.110304	-0.985818	-9.64391	0.21074	2.07767	-0.594731	-5.37757	-0.157461	-1.46054	6.07429	-2.34107	-2.51452	-3.67302	-5.06922	0.295363	14.4027	-0.0309877	0.536272	4.78658	3.03395	3.67481	-0.250821	-2.83119	-0.83674	-1.99289	1.36946	-2.13078	3.19334	-1.87069	0.348851	-11.2444	-4.4563	-9.52962	-1.22937	5.15335	-1.02792	-4.04632	-2.75834	1.49902	12.8374	4.91395	
3.10079	-0.575079	1.04031	-1.85931	0.017133	-5.05379	-3.11474	-9.45304	-11.5769	-2.21643	-8.56033	0.630011	0.187731	-0.502666	1.3485	-0.382125	5.28623	-1.29448	0.215123	0.0801727	0.591044	0.479348	-0.928522	0.578692	-1.25153	-8.39616	-0.249679	-0.239262	0.895725	11.1822	6.15401	6.07124	7.90449	-2.21278	-0.266838	-7.3165	-2.63515	-5.32319	-0.669778	0.331071	1.11032	3.97185	0.466561	2.81577	-4.84649	3.41357	-0.450583	-1.1073	-11.8624	0.766026	0.74149	-3.12946	-0.458038	3.02593	4.61968	-1.87699	-6.81656	-6.52623	-1.8229	-2.97419	7.11276	-3.65671	5.81262	-3.93684	
